,,,,,,,,Team,Team,Team,Team,Team,Team,Team,Team,Team,Team,Team,Team,Team,Team,Team,Team,,Opponent,Opponent,Opponent,Opponent,Opponent,Opponent,Opponent,Opponent,Opponent,Opponent,Opponent,Opponent,Opponent,Opponent,Opponent,Opponent
Rk,G,Date,,Opp,W/L,Tm,Opp,FG,FGA,FG%,3P,3PA,3P%,FT,FTA,FT%,ORB,TRB,AST,STL,BLK,TOV,PF,,FG,FGA,FG%,3P,3PA,3P%,FT,FTA,FT%,ORB,TRB,AST,STL,BLK,TOV,PF
1,1,2023-04-16,@,MIL,W,130,117,50,84,.595,15,25,.600,15,21,.714,4,36,32,6,1,15,24,,45,91,.495,11,45,.244,16,22,.727,8,38,29,3,4,13,22
2,2,2023-04-19,@,MIL,L,122,138,45,84,.536,16,36,.444,16,23,.696,7,41,26,10,2,17,9,,53,99,.535,25,49,.510,7,8,.875,9,45,35,9,4,11,16
3,3,2023-04-22,,MIL,W,121,99,45,84,.536,16,33,.485,15,17,.882,8,44,22,13,4,13,18,,38,85,.447,15,39,.385,8,12,.667,8,37,22,7,3,18,15
4,4,2023-04-24,,MIL,W,119,114,43,87,.494,13,32,.406,20,25,.800,9,47,21,9,5,15,20,,42,97,.433,13,40,.325,17,20,.850,16,46,28,10,6,14,20
5,5,2023-04-26,@,MIL,W,128,126,50,110,.455,17,45,.378,11,17,.647,9,45,25,6,5,11,31,,42,91,.462,14,33,.424,28,45,.622,10,56,20,4,1,15,21
6,6,2023-04-30,@,NYK,W,108,101,36,85,.424,13,39,.333,23,29,.793,10,39,26,8,5,8,14,,41,86,.477,7,34,.206,12,20,.600,12,48,20,6,4,13,21
7,7,2023-05-02,@,NYK,L,105,111,38,85,.447,17,49,.347,12,17,.706,8,34,24,1,2,6,24,,37,82,.451,16,40,.400,21,30,.700,11,50,23,4,2,10,20
8,8,2023-05-06,,NYK,W,105,86,35,90,.389,7,32,.219,28,31,.903,13,50,17,3,5,13,25,,31,91,.341,8,40,.200,16,22,.727,14,48,15,4,3,13,22
9,9,2023-05-08,,NYK,W,109,101,40,85,.471,13,39,.333,16,22,.727,13,44,28,7,4,12,21,,37,76,.487,9,28,.321,18,24,.750,8,35,21,5,4,16,23
10,10,2023-05-10,@,NYK,L,103,112,37,88,.420,13,43,.302,16,19,.842,11,34,27,11,4,12,30,,35,71,.493,13,34,.382,29,40,.725,14,50,23,6,4,18,19
11,11,2023-05-12,,NYK,W,96,92,33,82,.402,7,27,.259,23,25,.920,7,40,25,8,2,7,22,,27,71,.380,10,35,.286,28,32,.875,8,41,13,2,9,12,22
12,12,2023-05-17,@,BOS,W,123,116,46,85,.541,16,31,.516,15,19,.789,7,35,20,12,3,12,22,,42,81,.519,10,29,.345,22,29,.759,9,34,22,6,3,15,18
13,13,2023-05-19,@,BOS,W,111,105,42,92,.457,9,26,.346,18,19,.947,11,45,23,9,5,10,17,,37,79,.468,10,35,.286,21,24,.875,6,35,22,2,9,15,20
14,14,2023-05-21,,BOS,W,128,102,46,81,.568,19,35,.543,17,21,.810,1,35,25,7,4,9,16,,39,98,.398,11,42,.262,13,17,.765,21,57,25,3,3,15,24
15,15,2023-05-23,,BOS,L,99,116,34,78,.436,8,32,.250,23,28,.821,12,44,18,5,2,15,18,,43,84,.512,18,45,.400,12,18,.667,7,39,28,8,8,10,24
16,16,2023-05-25,@,BOS,L,97,110,40,78,.513,9,23,.391,8,10,.800,10,36,20,6,2,16,13,,40,79,.506,16,39,.410,14,19,.737,12,37,23,13,4,9,9
17,17,2023-05-27,,BOS,L,103,104,33,93,.355,14,30,.467,23,29,.793,17,47,22,5,4,5,24,,34,78,.436,7,35,.200,29,34,.853,12,47,18,4,8,12,22
18,18,2023-05-29,@,BOS,W,103,84,42,86,.488,14,28,.500,5,6,.833,7,42,26,7,2,12,15,,32,82,.390,9,42,.214,11,13,.846,10,40,18,6,4,15,13
19,19,2023-06-01,@,DEN,L,93,104,39,96,.406,13,39,.333,2,2,1.000,11,43,26,5,4,8,15,,40,79,.506,8,27,.296,16,20,.800,6,45,29,4,4,10,8
20,20,2023-06-04,@,DEN,W,111,108,38,78,.487,17,35,.486,18,20,.900,8,31,28,5,4,11,22,,39,75,.520,11,28,.393,19,22,.864,9,38,23,7,2,13,21
21,21,2023-06-07,,DEN,L,94,109,34,92,.370,11,35,.314,15,19,.789,10,33,20,7,3,4,22,,41,80,.513,5,18,.278,22,27,.815,13,58,28,3,5,13,18
22,22,2023-06-09,,DEN,L,95,108,35,78,.449,8,25,.320,17,20,.850,8,37,23,2,3,14,19,,39,79,.494,14,28,.500,16,21,.762,5,34,26,11,7,6,18