,,,,,,,,Team,Team,Team,Team,Team,Team,Team,Team,Team,Team,Team,Team,Team,Team,Team,Team,,Opponent,Opponent,Opponent,Opponent,Opponent,Opponent,Opponent,Opponent,Opponent,Opponent,Opponent,Opponent,Opponent,Opponent,Opponent,Opponent
Rk,G,Date,,Opp,W/L,Tm,Opp,FG,FGA,FG%,3P,3PA,3P%,FT,FTA,FT%,ORB,TRB,AST,STL,BLK,TOV,PF,,FG,FGA,FG%,3P,3PA,3P%,FT,FTA,FT%,ORB,TRB,AST,STL,BLK,TOV,PF
1,1,2023-04-16,,MIN,W,109,80,41,90,.456,16,39,.410,11,17,.647,11,54,24,6,4,10,20,,30,81,.370,11,36,.306,9,16,.563,5,38,18,6,6,11,16
2,2,2023-04-19,,MIN,W,122,113,46,85,.541,10,22,.455,20,25,.800,9,36,26,6,1,10,25,,40,79,.506,14,31,.452,19,23,.826,9,35,24,4,5,13,25
3,3,2023-04-21,@,MIN,W,120,111,48,84,.571,13,32,.406,11,13,.846,5,40,32,8,4,14,26,,36,79,.456,10,27,.370,29,35,.829,6,32,24,8,2,13,21
4,4,2023-04-23,@,MIN,L,108,114,42,95,.442,12,35,.343,12,18,.667,10,47,21,6,5,11,23,,42,93,.452,13,34,.382,17,22,.773,14,51,23,6,7,11,19
5,5,2023-04-25,,MIN,W,112,109,34,85,.400,12,34,.353,32,36,.889,16,47,22,10,3,12,21,,41,81,.506,8,33,.242,19,25,.760,8,40,24,9,4,14,27
6,6,2023-04-29,,PHO,W,125,107,48,101,.475,16,37,.432,13,15,.867,16,49,22,14,1,9,19,,43,84,.512,7,23,.304,14,17,.824,8,38,20,4,5,16,19
7,7,2023-05-01,,PHO,W,97,87,36,76,.474,7,27,.259,18,21,.857,5,41,19,5,6,10,16,,38,95,.400,6,31,.194,5,5,1.000,11,39,23,2,4,9,25
8,8,2023-05-05,@,PHO,L,114,121,43,97,.443,10,30,.333,18,21,.857,16,51,27,6,5,12,21,,48,95,.505,9,28,.321,16,18,.889,7,41,24,5,6,9,24
9,9,2023-05-07,@,PHO,L,124,129,50,89,.562,7,22,.318,17,23,.739,10,32,28,6,2,8,19,,46,81,.568,13,29,.448,24,29,.828,12,37,28,6,4,13,24
10,10,2023-05-09,,PHO,W,118,102,42,85,.494,13,27,.481,21,28,.750,10,50,32,6,6,10,17,,38,88,.432,9,27,.333,17,24,.708,8,42,22,6,7,10,22
11,11,2023-05-11,@,PHO,W,125,100,44,82,.537,8,22,.364,29,31,.935,7,41,24,10,3,10,22,,38,79,.481,11,28,.393,13,20,.650,2,29,20,3,5,14,22
12,12,2023-05-16,,LAL,W,132,126,50,91,.549,15,32,.469,17,22,.773,15,47,29,5,7,11,21,,46,84,.548,11,24,.458,23,26,.885,5,30,30,6,4,7,21
13,13,2023-05-18,,LAL,W,108,103,39,89,.438,14,38,.368,16,18,.889,11,49,27,8,2,15,18,,36,82,.439,8,30,.267,23,26,.885,4,40,26,10,7,12,19
14,14,2023-05-20,@,LAL,W,119,108,44,88,.500,17,41,.415,14,19,.737,5,39,30,7,1,5,19,,38,84,.452,10,32,.313,22,29,.759,11,45,27,3,2,12,18
15,15,2023-05-22,@,LAL,W,113,111,41,85,.482,12,33,.364,19,22,.864,11,40,25,3,9,8,20,,40,86,.465,8,20,.400,23,26,.885,8,38,20,5,4,6,19
16,16,2023-06-01,,MIA,W,104,93,40,79,.506,8,27,.296,16,20,.800,6,45,29,4,4,10,8,,39,96,.406,13,39,.333,2,2,1.000,11,43,26,5,4,8,15
17,17,2023-06-04,,MIA,L,108,111,39,75,.520,11,28,.393,19,22,.864,9,38,23,7,2,13,21,,38,78,.487,17,35,.486,18,20,.900,8,31,28,5,4,11,22
18,18,2023-06-07,@,MIA,W,109,94,41,80,.513,5,18,.278,22,27,.815,13,58,28,3,5,13,18,,34,92,.370,11,35,.314,15,19,.789,10,33,20,7,3,4,22
19,19,2023-06-09,@,MIA,W,108,95,39,79,.494,14,28,.500,16,21,.762,5,34,26,11,7,6,18,,35,78,.449,8,25,.320,17,20,.850,8,37,23,2,3,14,19